=========
2 0 8 5 6 0 1 0 0 
9 5 0 7 0 1 0 4 8 
0 7 3 4 0 2 9 0 6 
0 8 0 0 1 7 4 3 2 
7 0 1 3 0 0 5 0 9 
4 0 2 0 9 5 7 6 0 
0 0 5 9 0 6 0 1 0 
6 9 0 0 4 3 8 0 5 
0 1 0 2 0 8 6 0 7 
=========
2 4 8 5 6 0 1 0 0 
9 5 0 7 0 1 0 4 8 
0 7 3 4 0 2 9 0 6 
0 8 0 0 1 7 4 3 2 
7 0 1 3 0 0 5 0 9 
4 0 2 0 9 5 7 6 0 
0 0 5 9 0 6 0 1 0 
6 9 0 0 4 3 8 0 5 
0 1 0 2 0 8 6 0 7 
=========
2 4 8 5 6 9 1 0 0 
9 5 0 7 0 1 0 4 8 
0 7 3 4 0 2 9 0 6 
0 8 0 0 1 7 4 3 2 
7 0 1 3 0 0 5 0 9 
4 0 2 0 9 5 7 6 0 
0 0 5 9 0 6 0 1 0 
6 9 0 0 4 3 8 0 5 
0 1 0 2 0 8 6 0 7 
=========
2 4 8 5 6 9 1 7 0 
9 5 0 7 0 1 0 4 8 
0 7 3 4 0 2 9 0 6 
0 8 0 0 1 7 4 3 2 
7 0 1 3 0 0 5 0 9 
4 0 2 0 9 5 7 6 0 
0 0 5 9 0 6 0 1 0 
6 9 0 0 4 3 8 0 5 
0 1 0 2 0 8 6 0 7 
=========
2 4 8 5 6 9 1 7 3 
9 5 0 7 0 1 0 4 8 
0 7 3 4 0 2 9 0 6 
0 8 0 0 1 7 4 3 2 
7 0 1 3 0 0 5 0 9 
4 0 2 0 9 5 7 6 0 
0 0 5 9 0 6 0 1 0 
6 9 0 0 4 3 8 0 5 
0 1 0 2 0 8 6 0 7 
=========
2 4 8 5 6 9 1 7 3 
9 5 6 7 0 1 0 4 8 
0 7 3 4 0 2 9 0 6 
0 8 0 0 1 7 4 3 2 
7 0 1 3 0 0 5 0 9 
4 0 2 0 9 5 7 6 0 
0 0 5 9 0 6 0 1 0 
6 9 0 0 4 3 8 0 5 
0 1 0 2 0 8 6 0 7 
=========
2 4 8 5 6 9 1 7 3 
9 5 6 7 3 1 0 4 8 
0 7 3 4 0 2 9 0 6 
0 8 0 0 1 7 4 3 2 
7 0 1 3 0 0 5 0 9 
4 0 2 0 9 5 7 6 0 
0 0 5 9 0 6 0 1 0 
6 9 0 0 4 3 8 0 5 
0 1 0 2 0 8 6 0 7 
=========
2 4 8 5 6 9 1 7 3 
9 5 6 7 3 1 2 4 8 
0 7 3 4 0 2 9 0 6 
0 8 0 0 1 7 4 3 2 
7 0 1 3 0 0 5 0 9 
4 0 2 0 9 5 7 6 0 
0 0 5 9 0 6 0 1 0 
6 9 0 0 4 3 8 0 5 
0 1 0 2 0 8 6 0 7 
=========
2 4 8 5 6 9 1 7 3 
9 5 6 7 3 1 2 4 8 
1 7 3 4 0 2 9 0 6 
0 8 0 0 1 7 4 3 2 
7 0 1 3 0 0 5 0 9 
4 0 2 0 9 5 7 6 0 
0 0 5 9 0 6 0 1 0 
6 9 0 0 4 3 8 0 5 
0 1 0 2 0 8 6 0 7 
=========
2 4 8 5 6 9 1 7 3 
9 5 6 7 3 1 2 4 8 
1 7 3 4 8 2 9 0 6 
0 8 0 0 1 7 4 3 2 
7 0 1 3 0 0 5 0 9 
4 0 2 0 9 5 7 6 0 
0 0 5 9 0 6 0 1 0 
6 9 0 0 4 3 8 0 5 
0 1 0 2 0 8 6 0 7 
=========
2 4 8 5 6 9 1 7 3 
9 5 6 7 3 1 2 4 8 
1 7 3 4 8 2 9 5 6 
0 8 0 0 1 7 4 3 2 
7 0 1 3 0 0 5 0 9 
4 0 2 0 9 5 7 6 0 
0 0 5 9 0 6 0 1 0 
6 9 0 0 4 3 8 0 5 
0 1 0 2 0 8 6 0 7 
=========
2 4 8 5 6 9 1 7 3 
9 5 6 7 3 1 2 4 8 
1 7 3 4 8 2 9 5 6 
5 8 0 0 1 7 4 3 2 
7 0 1 3 0 0 5 0 9 
4 0 2 0 9 5 7 6 0 
0 0 5 9 0 6 0 1 0 
6 9 0 0 4 3 8 0 5 
0 1 0 2 0 8 6 0 7 
=========
2 4 8 5 6 9 1 7 3 
9 5 6 7 3 1 2 4 8 
1 7 3 4 8 2 9 5 6 
5 8 9 0 1 7 4 3 2 
7 0 1 3 0 0 5 0 9 
4 0 2 0 9 5 7 6 0 
0 0 5 9 0 6 0 1 0 
6 9 0 0 4 3 8 0 5 
0 1 0 2 0 8 6 0 7 
=========
2 4 8 5 6 9 1 7 3 
9 5 6 7 3 1 2 4 8 
1 7 3 4 8 2 9 5 6 
5 8 9 6 1 7 4 3 2 
7 0 1 3 0 0 5 0 9 
4 0 2 0 9 5 7 6 0 
0 0 5 9 0 6 0 1 0 
6 9 0 0 4 3 8 0 5 
0 1 0 2 0 8 6 0 7 
=========
2 4 8 5 6 9 1 7 3 
9 5 6 7 3 1 2 4 8 
1 7 3 4 8 2 9 5 6 
5 8 9 6 1 7 4 3 2 
7 6 1 3 0 0 5 0 9 
4 0 2 0 9 5 7 6 0 
0 0 5 9 0 6 0 1 0 
6 9 0 0 4 3 8 0 5 
0 1 0 2 0 8 6 0 7 
=========
2 4 8 5 6 9 1 7 3 
9 5 6 7 3 1 2 4 8 
1 7 3 4 8 2 9 5 6 
5 8 9 6 1 7 4 3 2 
7 6 1 3 2 0 5 0 9 
4 0 2 0 9 5 7 6 0 
0 0 5 9 0 6 0 1 0 
6 9 0 0 4 3 8 0 5 
0 1 0 2 0 8 6 0 7 
=========
2 4 8 5 6 9 1 7 3 
9 5 6 7 3 1 2 4 8 
1 7 3 4 8 2 9 5 6 
5 8 9 6 1 7 4 3 2 
7 6 1 3 2 4 5 0 9 
4 0 2 0 9 5 7 6 0 
0 0 5 9 0 6 0 1 0 
6 9 0 0 4 3 8 0 5 
0 1 0 2 0 8 6 0 7 
=========
2 4 8 5 6 9 1 7 3 
9 5 6 7 3 1 2 4 8 
1 7 3 4 8 2 9 5 6 
5 8 9 6 1 7 4 3 2 
7 6 1 3 2 4 5 8 9 
4 0 2 0 9 5 7 6 0 
0 0 5 9 0 6 0 1 0 
6 9 0 0 4 3 8 0 5 
0 1 0 2 0 8 6 0 7 
=========
2 4 8 5 6 9 1 7 3 
9 5 6 7 3 1 2 4 8 
1 7 3 4 8 2 9 5 6 
5 8 9 6 1 7 4 3 2 
7 6 1 3 2 4 5 8 9 
4 3 2 0 9 5 7 6 0 
0 0 5 9 0 6 0 1 0 
6 9 0 0 4 3 8 0 5 
0 1 0 2 0 8 6 0 7 
=========
2 4 8 5 6 9 1 7 3 
9 5 6 7 3 1 2 4 8 
1 7 3 4 8 2 9 5 6 
5 8 9 6 1 7 4 3 2 
7 6 1 3 2 4 5 8 9 
4 3 2 8 9 5 7 6 0 
0 0 5 9 0 6 0 1 0 
6 9 0 0 4 3 8 0 5 
0 1 0 2 0 8 6 0 7 
=========
2 4 8 5 6 9 1 7 3 
9 5 6 7 3 1 2 4 8 
1 7 3 4 8 2 9 5 6 
5 8 9 6 1 7 4 3 2 
7 6 1 3 2 4 5 8 9 
4 3 2 8 9 5 7 6 1 
0 0 5 9 0 6 0 1 0 
6 9 0 0 4 3 8 0 5 
0 1 0 2 0 8 6 0 7 
=========
2 4 8 5 6 9 1 7 3 
9 5 6 7 3 1 2 4 8 
1 7 3 4 8 2 9 5 6 
5 8 9 6 1 7 4 3 2 
7 6 1 3 2 4 5 8 9 
4 3 2 8 9 5 7 6 1 
3 0 5 9 0 6 0 1 0 
6 9 0 0 4 3 8 0 5 
0 1 0 2 0 8 6 0 7 
=========
2 4 8 5 6 9 1 7 3 
9 5 6 7 3 1 2 4 8 
1 7 3 4 8 2 9 5 6 
5 8 9 6 1 7 4 3 2 
7 6 1 3 2 4 5 8 9 
4 3 2 8 9 5 7 6 1 
3 2 5 9 0 6 0 1 0 
6 9 0 0 4 3 8 0 5 
0 1 0 2 0 8 6 0 7 
=========
2 4 8 5 6 9 1 7 3 
9 5 6 7 3 1 2 4 8 
1 7 3 4 8 2 9 5 6 
5 8 9 6 1 7 4 3 2 
7 6 1 3 2 4 5 8 9 
4 3 2 8 9 5 7 6 1 
3 2 5 9 7 6 0 1 0 
6 9 0 0 4 3 8 0 5 
0 1 0 2 0 8 6 0 7 
=========
2 4 8 5 6 9 1 7 3 
9 5 6 7 3 1 2 4 8 
1 7 3 4 8 2 9 5 6 
5 8 9 6 1 7 4 3 2 
7 6 1 3 2 4 5 8 9 
4 3 2 8 9 5 7 6 1 
3 2 5 9 7 6 0 1 0 
6 9 0 0 4 3 8 0 5 
0 1 0 2 0 8 6 0 7 
=========
2 4 8 5 6 9 1 7 3 
9 5 6 7 3 1 2 4 8 
1 7 3 4 8 2 9 5 6 
5 8 9 6 1 7 4 3 2 
7 6 1 3 2 4 5 8 9 
4 3 2 8 9 5 7 6 1 
3 2 5 9 0 6 0 1 0 
6 9 0 0 4 3 8 0 5 
0 1 0 2 0 8 6 0 7 
=========
2 4 8 5 6 9 1 7 3 
9 5 6 7 3 1 2 4 8 
1 7 3 4 8 2 9 5 6 
5 8 9 6 1 7 4 3 2 
7 6 1 3 2 4 5 8 9 
4 3 2 8 9 5 7 6 1 
3 0 5 9 0 6 0 1 0 
6 9 0 0 4 3 8 0 5 
0 1 0 2 0 8 6 0 7 
=========
2 4 8 5 6 9 1 7 3 
9 5 6 7 3 1 2 4 8 
1 7 3 4 8 2 9 5 6 
5 8 9 6 1 7 4 3 2 
7 6 1 3 2 4 5 8 9 
4 3 2 8 9 5 7 6 1 
8 0 5 9 0 6 0 1 0 
6 9 0 0 4 3 8 0 5 
0 1 0 2 0 8 6 0 7 
=========
2 4 8 5 6 9 1 7 3 
9 5 6 7 3 1 2 4 8 
1 7 3 4 8 2 9 5 6 
5 8 9 6 1 7 4 3 2 
7 6 1 3 2 4 5 8 9 
4 3 2 8 9 5 7 6 1 
8 2 5 9 0 6 0 1 0 
6 9 0 0 4 3 8 0 5 
0 1 0 2 0 8 6 0 7 
=========
2 4 8 5 6 9 1 7 3 
9 5 6 7 3 1 2 4 8 
1 7 3 4 8 2 9 5 6 
5 8 9 6 1 7 4 3 2 
7 6 1 3 2 4 5 8 9 
4 3 2 8 9 5 7 6 1 
8 2 5 9 7 6 0 1 0 
6 9 0 0 4 3 8 0 5 
0 1 0 2 0 8 6 0 7 
=========
2 4 8 5 6 9 1 7 3 
9 5 6 7 3 1 2 4 8 
1 7 3 4 8 2 9 5 6 
5 8 9 6 1 7 4 3 2 
7 6 1 3 2 4 5 8 9 
4 3 2 8 9 5 7 6 1 
8 2 5 9 7 6 3 1 0 
6 9 0 0 4 3 8 0 5 
0 1 0 2 0 8 6 0 7 
=========
2 4 8 5 6 9 1 7 3 
9 5 6 7 3 1 2 4 8 
1 7 3 4 8 2 9 5 6 
5 8 9 6 1 7 4 3 2 
7 6 1 3 2 4 5 8 9 
4 3 2 8 9 5 7 6 1 
8 2 5 9 7 6 3 1 4 
6 9 0 0 4 3 8 0 5 
0 1 0 2 0 8 6 0 7 
=========
2 4 8 5 6 9 1 7 3 
9 5 6 7 3 1 2 4 8 
1 7 3 4 8 2 9 5 6 
5 8 9 6 1 7 4 3 2 
7 6 1 3 2 4 5 8 9 
4 3 2 8 9 5 7 6 1 
8 2 5 9 7 6 3 1 4 
6 9 7 0 4 3 8 0 5 
0 1 0 2 0 8 6 0 7 
=========
2 4 8 5 6 9 1 7 3 
9 5 6 7 3 1 2 4 8 
1 7 3 4 8 2 9 5 6 
5 8 9 6 1 7 4 3 2 
7 6 1 3 2 4 5 8 9 
4 3 2 8 9 5 7 6 1 
8 2 5 9 7 6 3 1 4 
6 9 7 1 4 3 8 0 5 
0 1 0 2 0 8 6 0 7 
=========
2 4 8 5 6 9 1 7 3 
9 5 6 7 3 1 2 4 8 
1 7 3 4 8 2 9 5 6 
5 8 9 6 1 7 4 3 2 
7 6 1 3 2 4 5 8 9 
4 3 2 8 9 5 7 6 1 
8 2 5 9 7 6 3 1 4 
6 9 7 1 4 3 8 2 5 
0 1 0 2 0 8 6 0 7 
=========
2 4 8 5 6 9 1 7 3 
9 5 6 7 3 1 2 4 8 
1 7 3 4 8 2 9 5 6 
5 8 9 6 1 7 4 3 2 
7 6 1 3 2 4 5 8 9 
4 3 2 8 9 5 7 6 1 
8 2 5 9 7 6 3 1 4 
6 9 7 1 4 3 8 2 5 
3 1 0 2 0 8 6 0 7 
=========
2 4 8 5 6 9 1 7 3 
9 5 6 7 3 1 2 4 8 
1 7 3 4 8 2 9 5 6 
5 8 9 6 1 7 4 3 2 
7 6 1 3 2 4 5 8 9 
4 3 2 8 9 5 7 6 1 
8 2 5 9 7 6 3 1 4 
6 9 7 1 4 3 8 2 5 
3 1 4 2 0 8 6 0 7 
=========
2 4 8 5 6 9 1 7 3 
9 5 6 7 3 1 2 4 8 
1 7 3 4 8 2 9 5 6 
5 8 9 6 1 7 4 3 2 
7 6 1 3 2 4 5 8 9 
4 3 2 8 9 5 7 6 1 
8 2 5 9 7 6 3 1 4 
6 9 7 1 4 3 8 2 5 
3 1 4 2 5 8 6 0 7 
=========
2 4 8 5 6 9 1 7 3 
9 5 6 7 3 1 2 4 8 
1 7 3 4 8 2 9 5 6 
5 8 9 6 1 7 4 3 2 
7 6 1 3 2 4 5 8 9 
4 3 2 8 9 5 7 6 1 
8 2 5 9 7 6 3 1 4 
6 9 7 1 4 3 8 2 5 
3 1 4 2 5 8 6 9 7 
=========
sudoku solved!!

2 4 8 5 6 9 1 7 3 
9 5 6 7 3 1 2 4 8 
1 7 3 4 8 2 9 5 6 
5 8 9 6 1 7 4 3 2 
7 6 1 3 2 4 5 8 9 
4 3 2 8 9 5 7 6 1 
8 2 5 9 7 6 3 1 4 
6 9 7 1 4 3 8 2 5 
3 1 4 2 5 8 6 9 7 
